-0.9811589999999999 -0.9811589999999999 0.8 0.0 0.0 -1.0 
-0.981158971786499 -0.981158971786499 0.800000011920929 0.0 0.0 -1.0 
-1.1054230751777867 -0.30879082437009675 0.01 0.707107 0.707107 -0.0 
-1.1054230751777863 -0.3087908243700963 0.7583330273628238 0.707107 0.707107 -0.0 
-1.0347124012738163 -0.3795014982740662 0.7583330273628238 0.707107 0.707107 -0.0 
-1.0347124012738167 -0.37950149827406665 0.01 0.707107 0.707107 -0.0 
-0.9640017273698469 -0.45021217217803655 0.01 0.707107 0.707107 -0.0 
-0.9640017273698465 -0.4502121721780361 0.7583330273628238 0.707107 0.707107 -0.0 
-0.8932910534658766 -0.5209228460820061 0.7583330273628238 0.707107 0.707107 -0.0 
-0.893291053465877 -0.5209228460820065 0.01 0.707107 0.707107 -0.0 
-0.8225803690251949 -0.5916335305226885 0.01 0.707107 0.707107 -0.0 
-0.8225803690251945 -0.5916335305226881 0.7583330273628238 0.707107 0.707107 -0.0 
-0.7518696898528685 -0.6623442096950141 0.7583330273628238 0.707107 0.707107 -0.0 
-0.751869689852869 -0.6623442096950145 0.01 0.707107 0.707107 -0.0 
-0.681159008046365 -0.7330548915015185 0.01 0.707107 0.707107 -0.0 
-0.6811590080463645 -0.733054891501518 0.7583330273628238 0.707107 0.707107 -0.0 
-0.6104483262398606 -0.803765573308022 0.7583330273628238 0.707107 0.707107 -0.0 
-0.610448326239861 -0.8037655733080225 0.01 0.707107 0.707107 -0.0 
-0.5397376523358911 -0.8744762472119924 0.01 0.707107 0.707107 -0.0 
-0.5397376523358907 -0.874476247211992 0.7583330273628238 0.707107 0.707107 -0.0 
-0.4690269678952086 -0.945186931652674 0.7583330273628238 0.707107 0.707107 -0.0 
-0.46902696789520903 -0.9451869316526744 0.01 0.707107 0.707107 -0.0 
-0.39831629399123913 -1.0158976055566442 0.01 0.707107 0.707107 -0.0 
-0.3983162939912387 -1.0158976055566438 0.7583330273628238 0.707107 0.707107 -0.0 
-0.4801021218299866 -1.224490761756897 0.9140406847000122 0.0 0.0 -1.0 
0.14493576277102094 -0.9345383407155785 1.0 -0.0 -0.0 -1.0 
-0.9345383407155786 0.14493576277102055 1.0 -0.0 -0.0 -1.0 
-0.8638276457381845 0.21564645774841468 1.0 -0.0 -0.0 -1.0 
0.21564645774841507 -0.8638276457381844 1.0 -0.0 -0.0 -1.0 
0.28635713165238497 -0.7931169718342145 1.0 -0.0 -0.0 -1.0 
-0.7931169718342146 0.28635713165238463 1.0 -0.0 -0.0 -1.0 
-0.7224062979302447 0.35706780555635453 1.0 -0.0 -0.0 -1.0 
0.35706780555635487 -0.7224062979302446 1.0 -0.0 -0.0 -1.0 
0.4277784899970368 -0.6516956134895625 1.0 -0.0 -0.0 -1.0 
-0.6516956134895627 0.4277784899970366 1.0 -0.0 -0.0 -1.0 
-0.5809849395855928 0.4984891639010065 1.0 -0.0 -0.0 -1.0 
0.4984891639010067 -0.5809849395855926 1.0 -0.0 -0.0 -1.0 
0.5691998430733327 -0.5102742604132666 1.0 -0.0 -0.0 -1.0 
-0.5102742604132668 0.5691998430733325 1.0 -0.0 -0.0 -1.0 
-0.4395635812409409 0.6399105222456585 1.0 -0.0 -0.0 -1.0 
0.6399105222456587 -0.43956358124094064 1.0 -0.0 -0.0 -1.0 
0.7106211961496285 -0.36885290733697074 1.0 -0.0 -0.0 -1.0 
-0.36885290733697107 0.7106211961496284 1.0 -0.0 -0.0 -1.0 
-0.29814223343300117 0.7813318700535983 1.0 -0.0 -0.0 -1.0 
0.7813318700535984 -0.29814223343300084 1.0 -0.0 -0.0 -1.0 
0.8520425650309926 -0.22743153845560665 1.0 -0.0 -0.0 -1.0 
-0.22743153845560699 0.8520425650309924 1.0 -0.0 -0.0 -1.0 
-0.27320849895477295 1.0235400199890137 1.2012780904769897 0.0 0.0 -1.0 
-0.8191937804222107 1.07321035861969 0.8616769909858704 0.0 0.0 -1.0 
-1.3267889022827148 0.7733079791069031 0.4549418091773987 0.0 0.0 -1.0 
-1.2433295022604633 0.17088422870002584 0.01 0.707107 -0.707107 -0.0 
-0.17088422870002584 1.2433295022604633 0.01 0.707107 -0.707107 -0.0 
-0.17088422870002584 1.2433295022604633 0.01 0.707107 -0.707107 -0.0 
-1.2433295022604633 0.17088422870002584 0.01 0.707107 -0.707107 -0.0 
-1.2433295022604633 0.17088422870002584 0.01 0.707107 -0.707107 -0.0 
-0.17088422870002584 1.2433295022604633 0.01 0.707107 -0.707107 -0.0 
-0.17088422870002584 1.2433295022604633 0.01 0.707107 -0.707107 -0.0 
-1.2433295022604633 0.17088422870002584 0.01 0.707107 -0.707107 -0.0 
-1.2433295022604631 0.17088422870002573 0.01 0.707107 -0.707107 -0.0 
-0.17088422870002573 1.2433295022604631 0.01 0.707107 -0.707107 -0.0 
-0.17088422870002573 1.2433295022604631 0.01 0.707107 -0.707107 -0.0 
-1.2433295022604631 0.17088422870002573 0.01 0.707107 -0.707107 -0.0 
-1.2433295022604631 0.17088422870002573 0.04166699945926699 0.707107 -0.707107 -0.0 
-0.17088422870002573 1.2433295022604631 0.041666999459267 0.707107 -0.707107 -0.0 
-0.17088422870002573 1.2433295022604631 0.14166699349880252 0.707107 -0.707107 -0.0 
-1.2433295022604631 0.17088422870002573 0.14166699349880252 0.707107 -0.707107 -0.0 
-1.2433295022604631 0.17088422870002562 0.24166700243949923 0.707107 -0.707107 -0.0 
-0.17088422870002562 1.2433295022604631 0.24166700243949923 0.707107 -0.707107 -0.0 
-0.17088422870002562 1.2433295022604631 0.34166699647903476 0.707107 -0.707107 -0.0 
-1.2433295022604631 0.17088422870002562 0.34166699647903476 0.707107 -0.707107 -0.0 
-1.2433295022604631 0.17088422870002562 0.4416669905185703 0.707107 -0.707107 -0.0 
-0.17088422870002562 1.2433295022604631 0.4416669905185703 0.707107 -0.707107 -0.0 
-0.20571748912334442 1.4967714548110962 0.5316969752311707 0.0 0.0 -1.0 
0.1673695851823821 1.2468445316059515 0.01 -0.707107 -0.707107 -6.16172e-08 
1.2468444894591029 0.16736962732923055 0.01 -0.707107 -0.707107 -6.16172e-08 
1.2468444851021105 0.16736962297223812 0.01 -0.707107 -0.707107 -6.16172e-08 
0.16736958082538966 1.246844527248959 0.01 -0.707107 -0.707107 -6.16172e-08 
0.167369576468396 1.2468445228919653 0.01 -0.707107 -0.707107 -6.16172e-08 
1.246844480745117 0.16736961861524446 0.01 -0.707107 -0.707107 -6.16172e-08 
1.2468444763881243 0.16736961425825203 0.01 -0.707107 -0.707107 -6.16172e-08 
0.16736957211140358 1.246844518534973 0.01 -0.707107 -0.707107 -6.16172e-08 
0.16736956775441114 1.2468445141779805 0.01 -0.707107 -0.707107 -6.16172e-08 
1.246844472031132 0.1673696099012596 0.01 -0.707107 -0.707107 -6.16172e-08 
1.2468444676741393 0.16736960554426694 0.01 -0.707107 -0.707107 -6.16172e-08 
0.16736956339741849 1.246844509820988 0.01 -0.707107 -0.707107 -6.16172e-08 
0.16736955904042572 1.246844505463995 0.041667031274147545 -0.707107 -0.707107 -6.16172e-08 
1.2468444633171467 0.16736960118727418 0.041667031274147406 -0.707107 -0.707107 -6.16172e-08 
1.2468444589601542 0.16736959683028174 0.14166702531368275 -0.707107 -0.707107 -6.16172e-08 
0.16736955468343329 1.2468445011070026 0.14166702531368286 -0.707107 -0.707107 -6.16172e-08 
0.1673695503264403 1.2468444967500096 0.24166703425437938 -0.707107 -0.707107 -6.16172e-08 
1.2468444546031612 0.16736959247328875 0.24166703425437927 -0.707107 -0.707107 -6.16172e-08 
1.2468444502461686 0.16736958811629632 0.3416670282939146 -0.707107 -0.707107 -6.16172e-08 
0.16736954596944786 1.2468444923930173 0.3416670282939147 -0.707107 -0.707107 -6.16172e-08 
0.16736954161245543 1.2468444880360248 0.44166702233345 -0.707107 -0.707107 -6.16172e-08 
1.2468444458891763 0.16736958375930389 0.4416670223334499 -0.707107 -0.707107 -6.16172e-08 
1.4978060722351074 0.2010572999715805 0.5305646061897278 0.0 0.0 -1.0 
1.4503587484359741 -0.38345953822135925 0.5610386729240417 0.0 0.0 -1.0 
1.1846481561660767 -0.9012987017631531 0.5912829041481018 0.0 0.0 -1.0 
0.7443848252296448 -1.2748498916625977 0.6212849617004395 0.0 0.0 -1.0 
0.17088422870002562 -1.2433295022604631 0.558332979679108 -0.707107 0.707107 -0.0 
1.2433295022604631 -0.17088422870002562 0.558332979679108 -0.707107 0.707107 -0.0 
1.2433295022604631 -0.17088422870002562 0.4583329856395725 -0.707107 0.707107 -0.0 
0.17088422870002562 -1.2433295022604631 0.4583329856395725 -0.707107 0.707107 -0.0 
0.17088422870002562 -1.2433295022604631 0.35833299160003695 -0.707107 0.707107 -0.0 
1.2433295022604631 -0.17088422870002562 0.35833299160003695 -0.707107 0.707107 -0.0 
1.2433295022604631 -0.17088422870002562 0.25833299756050143 -0.707107 0.707107 -0.0 
0.17088422870002562 -1.2433295022604631 0.25833299756050143 -0.707107 0.707107 -0.0 
0.17088422870002573 -1.2433295022604631 0.1583330035209659 -0.707107 0.707107 -0.0 
1.2433295022604631 -0.17088422870002573 0.1583330035209659 -0.707107 0.707107 -0.0 
1.2433295022604631 -0.17088422870002573 0.058332998305559484 -0.707107 0.707107 -0.0 
0.17088422870002573 -1.2433295022604631 0.0583329983055595 -0.707107 0.707107 -0.0 
0.17088422870002573 -1.2433295022604631 0.01 -0.707107 0.707107 -0.0 
1.2433295022604631 -0.17088422870002573 0.01 -0.707107 0.707107 -0.0 
1.2433295022604631 -0.17088422870002573 0.01 -0.707107 0.707107 -0.0 
0.17088422870002573 -1.2433295022604631 0.01 -0.707107 0.707107 -0.0 
0.17088422870002584 -1.2433295022604633 0.01 -0.707107 0.707107 -0.0 
1.2433295022604633 -0.17088422870002584 0.01 -0.707107 0.707107 -0.0 
1.2433295022604633 -0.17088422870002584 0.01 -0.707107 0.707107 -0.0 
0.17088422870002584 -1.2433295022604633 0.01 -0.707107 0.707107 -0.0 
0.17088422870002584 -1.2433295022604633 0.01 -0.707107 0.707107 -0.0 
1.2433295022604633 -0.17088422870002584 0.01 -0.707107 0.707107 -0.0 
